Folder 0
50.025004148483276, 50.00155568122864
50.0, 50.001561641693115
50.0, 50.001561641693115
52.93125510215759, 49.91556406021118
81.25000596046448, 39.032456278800964
83.99375677108765, 36.6675466299057
Folder 1
84.14688110351562, 36.52440905570984
84.76250171661377, 35.938960313797
84.98438000679016, 35.72300672531128
85.28750538825989, 35.42360067367554
85.63125133514404, 35.07780432701111
85.7187569141388, 34.98869836330414
Folder 2
84.42291617393494, 36.264169216156006
84.52708125114441, 36.16500496864319
84.67708230018616, 36.0211968421936
84.90833044052124, 35.797134041786194
85.10416746139526, 35.605111718177795
85.26458144187927, 35.446229577064514
Folder 3
84.33906435966492, 36.343491077423096
84.3375027179718, 36.34496629238129
84.64531898498535, 36.05166673660278
85.25313138961792, 35.45753359794617
85.49531698226929, 35.21508276462555
85.88125705718994, 34.821757674217224
Folder 4
83.38499665260315, 37.22175359725952
83.63749980926514, 36.99372112751007
83.89374613761902, 36.759087443351746
84.20999646186829, 36.46494746208191
84.53750014305115, 36.154904961586
84.8312497138977, 35.871994495391846
