Folder 0
49.906253814697266, 50.00147223472595
50.0, 50.001561641693115
51.07499957084656, 49.99000430107117
73.70625138282776, 44.02425289154053
81.46875500679016, 38.856300711631775
82.81875252723694, 37.72291541099548
83.8437557220459, 36.806049942970276
84.48750376701355, 36.20350956916809
85.23750305175781, 35.47389507293701
85.68750619888306, 35.02112030982971
Folder 1
81.64063096046448, 38.71585726737976
82.19062685966492, 38.25975954532623
82.80313014984131, 37.73591220378876
83.25000405311584, 37.342748045921326
83.68750214576721, 36.948540806770325
84.07188057899475, 36.594387888908386
84.20625329017639, 36.468806862831116
Folder 2
80.21041750907898, 39.84173536300659
80.58541417121887, 39.55458104610443
81.15833401679993, 39.10485804080963
81.44375085830688, 38.875722885131836
81.72500133514404, 38.64654302597046
82.14583396911621, 38.29720318317413
82.46041536331177, 38.03092837333679
82.68749713897705, 37.835922837257385
82.92083144187927, 37.6330703496933
83.22708010673523, 37.362948060035706
83.53750109672546, 37.084558606147766
Folder 3
79.74531650543213, 40.19006788730621
79.625004529953, 40.2788370847702
80.12812733650208, 39.90389704704285
80.50781488418579, 39.61436450481415
80.90313076972961, 39.30675387382507
81.1218798160553, 39.13378119468689
81.4078152179718, 38.904666900634766
81.6296935081482, 38.724491000175476
81.81719183921814, 38.5705828666687
82.10937976837158, 38.32767605781555
82.30156898498535, 38.16584646701813
82.61719346046448, 37.89645731449127
82.77344107627869, 37.76140809059143
83.09375643730164, 37.481001019477844
Folder 4
79.4362485408783, 40.41692018508911
79.0024995803833, 40.72929620742798
79.2437493801117, 40.55642485618591
79.49999570846558, 40.370410680770874
79.72624897956848, 40.20410478115082
79.98999953269958, 40.00774621963501
80.239999294281, 39.81911838054657
80.43624758720398, 39.6693080663681
80.6487500667572, 39.505359530448914
80.88124990463257, 39.32387828826904
